94059 20011225  1.001 -105.21   48.49    -2.9   -11.9    -7.4    
-9999.0     3.55 R -9999.0 -9999.0    -7.7 -9999.0 -9999.0 -9999.0
-99.000 -99.000 -99.000 -99.000 -99.000 -9999.0 -9999.0 -9999.0
-9999.0 -9999.0
94059 20011226  1.001 -105.21   48.49     0.0    -7.0    -3.5    -4.0
-9999.0     3.76 R -9999.0 -9999.0    -5.3 -9999.0 -9999.0 -9999.0
-99.000 -99.000 -99.000 -99.000 -99.000 -9999.0 -9999.0 -9999.0
-9999.0 -9999.0
94059 20011227  1.001 -105.21   48.49    -3.7 -9999.0 -9999.0    -8.6
-9999.0     5.99 R -9999.0 -9999.0    -9.5 -9999.0 -9999.0 -9999.0
-99.000 -99.000 -99.000 -99.000 -99.000 -9999.0 -9999.0 -9999.0
-9999.0 -9999.0
94059 20011228  1.001 -105.21   48.49 -9999.0 -9999.0 -9999.0 -9999.0
-9999.0     3.63 R -9999.0 -9999.0   -13.9 -9999.0 -9999.0 -9999.0
-99.000 -99.000 -99.000 -99.000 -99.000 -9999.0 -9999.0 -9999.0
-9999.0 -9999.0
94059 20011229  1.001 -105.21   48.49 -9999.0 -9999.0 -9999.0 -9999.0
-9999.0     4.52 R -9999.0 -9999.0   -15.0 -9999.0 -9999.0 -9999.0
-99.000 -99.000 -99.000 -99.000 -99.000 -9999.0 -9999.0 -9999.0
-9999.0 -9999.0
94059 20011230  1.001 -105.21   48.49 -9999.0 -9999.0 -9999.0 -9999.0
-9999.0     5.58 R -9999.0 -9999.0   -19.7 -9999.0 -9999.0 -9999.0
-99.000 -99.000 -99.000 -99.000 -99.000 -9999.0 -9999.0 -9999.0
-9999.0 -9999.0
94059 20011231  1.001 -105.21   48.49 -9999.0 -9999.0 -9999.0 -9999.0
-9999.0     6.23 R -9999.0 -9999.0   -19.6 -9999.0 -9999.0 -9999.0
-99.000 -99.000 -99.000 -99.000 -99.000 -9999.0 -9999.0 -9999.0
-9999.0 -9999.0
